Draw Date   WB1 WB2 WB3 WB4 WB5 PB  PP
02/04/2015  51  52  36  24  56  22  2
01/31/2015  16  05  50  11  26  34  2
01/28/2015  49  24  12  36  35  01  5
01/24/2015  19  16  20  33  29  10  2
01/21/2015  57  12  28  15  11  23  4
01/17/2015  15  27  23  36  16  09  2
01/14/2015  10  04  53  02  41  22  5
01/10/2015  19  09  29  02  28  19  5
01/07/2015  47  49  59  15  14  10  2
01/03/2015  04  43  46  55  18  25  3
12/31/2014  40  27  17  53  37  35  2
12/27/2014  36  14  10  11  07  15  2
12/24/2014  46  11  12  47  50  22  4
12/20/2014  19  15  56  31  14  05  5
12/17/2014  47  31  48  38  22  15  3
12/13/2014  05  13  43  55  28  33  3
12/10/2014  48  34  55  44  54  10  2
12/06/2014  43  22  49  15  12  14  2
12/03/2014  54  30  32  46  25  26  3
11/29/2014  13  30  24  42  48  27  2
11/26/2014  46  17  22  16  54  35  5
11/22/2014  54  53  23  57  49  35  2
11/19/2014  38  06  36  48  51  17  2
11/15/2014  35  16  33  51  13  28  2
11/12/2014  55  37  39  52  51  11  3
11/08/2014  09  33  19  38  54  15  3
11/05/2014  19  02  11  21  42  34  3
11/01/2014  01  38  25  13  03  17  2
10/29/2014  48  28  59  25  57  16  3
10/25/2014  54  57  51  06  10  12  2
10/22/2014  40  42  30  29  50  16  2
10/18/2014  36  20  54  27  26  19  2
10/15/2014  05  07  28  27  19  20  2
10/11/2014  37  39  38  19  10  28  2
10/08/2014  46  50  16  31  05  18  3
10/04/2014  13  33  18  24  25  31  2
10/01/2014  20  01  45  18  04  07  2
09/27/2014  54  11  52  35  02  13  3
09/24/2014  07  14  24  41  21  26  4
09/20/2014  23  22  30  39  37  16  4
09/17/2014  36  18  25  50  48  23  2
09/13/2014  37  06  01  53  16  27  3
09/10/2014  14  39  02  40  43  13  5
09/06/2014  29  43  31  50  09  18  2
09/03/2014  43  02  51  45  16  35  3
08/30/2014  05  52  28  59  31  27  2
08/27/2014  24  17  45  46  26  19  3
08/23/2014  52  28  36  32  35  31  3
08/20/2014  21  40  08  38  04  03  2
08/16/2014  07  08  17  59  48  09  2
08/13/2014  37  08  40  52  39  24  2
08/09/2014  34  12  31  51  03  24  2
08/06/2014  49  01  08  24  28  24  5
08/02/2014  12  46  44  47  26  29  2
07/30/2014  49  13  30  53  42  29  3
07/26/2014  38  39  28  24  30  16  2
07/23/2014  22  12  04  31  10  03  5
07/19/2014  10  53  17  25  45  09  2
07/16/2014  05  32  26  18  15  35  3
07/12/2014  23  07  02  03  51  26  2
07/09/2014  09  55  42  25  57  14  2
07/05/2014  34  58  24  36  57  11  4
07/02/2014  58  18  53  08  45  35  2
06/28/2014  56  08  12  43  34  09  2
06/25/2014  50  53  10  20  25  35  4
06/21/2014  41  06  54  05  37  26  3
06/18/2014  06  52  59  29  09  07  3
06/14/2014  33  54  42  09  45  30  3
06/11/2014  14  25  33  18  49  23  5
06/07/2014  58  30  35  28  59  15  2
06/04/2014  22  07  01  10  49  24  3
05/31/2014  34  15  48  27  31  01  2
05/28/2014  24  02  28  32  59  25  3
05/24/2014  55  15  49  16  28  18  2
05/21/2014  20  34  58  04  39  31  5
05/17/2014  32  23  47  39  49  22  3
05/14/2014  55  07  52  33  39  33  3
05/10/2014  41  47  55  31  04  01  2
05/07/2014  48  31  17  49  29  34  2
05/03/2014  15  05  46  49  16  26  4
04/30/2014  09  02  19  50  11  32  3
04/26/2014  30  03  22  07  33  20  3
04/23/2014  29  48  36  19  25  12  4
04/19/2014  35  06  51  05  29  21  5
04/16/2014  42  34  59  39  44  08  3
04/12/2014  26  45  14  55  54  20  2
04/09/2014  49  14  48  09  44  29  2
04/05/2014  26  11  21  34  33  29  5
04/02/2014  19  22  13  53  08  24  2
03/29/2014  03  12  27  38  02  17  2
03/26/2014  33  41  59  44  28  21  2
03/22/2014  55  13  28  58  31  15  2
03/19/2014  34  23  43  19  02  14  2
03/15/2014  34  05  51  02  58  09  4
03/12/2014  28  54  14  15  37  10  2
03/08/2014  14  24  32  41  10  30  2
03/05/2014  26  03  09  07  54  19  2
03/01/2014  03  08  25  47  30  13  4
02/26/2014  42  11  12  38  17  02  2
02/22/2014  13  02  54  14  03  04  5
02/19/2014  17  49  54  35  01  34  3
02/15/2014  09  23  02  14  21  03  3
02/12/2014  52  49  36  57  44  01  2
02/08/2014  54  37  34  25  24  29  2
02/05/2014  08  57  17  59  32  24  3
02/01/2014  12  15  38  05  27  07  2
01/29/2014  47  23  11  28  32  20  2
01/25/2014  57  08  55  12  18  02  2
01/22/2014  55  02  07  01  09  29  3
01/18/2014  38  14  13  19  31  25  
01/15/2014  29  08  09  07  24  25  
01/11/2014  54  15  48  33  10  34  
01/08/2014  39  28  58  47  10  22  
01/04/2014  19  58  37  20  41  14  
01/01/2014  52  48  15  24  40  23  
12/28/2013  56  51  35  44  08  18  
12/25/2013  38  56  28  39  23  32  
12/21/2013  36  51  45  25  40  08  
12/18/2013  39  07  40  24  37  01  
12/14/2013  33  41  25  14  32  34  
12/11/2013  10  18  19  01  13  27  
12/07/2013  45  13  48  32  20  17  
12/04/2013  09  06  11  44  31  25  
11/30/2013  26  05  45  44  57  29  
11/27/2013  57  25  18  55  50  17  
11/23/2013  12  52  55  43  05  10  
11/20/2013  32  04  45  23  18  07  
11/16/2013  29  37  59  10  44  10  
11/13/2013  31  05  55  50  56  09  
11/09/2013  37  56  03  49  09  32  
11/06/2013  49  01  05  10  15  22  
11/02/2013  27  40  13  23  24  17  
10/30/2013  54  02  49  36  40  10  
10/26/2013  56  06  04  34  49  29  
10/23/2013  47  34  23  31  03  13  
10/19/2013  33  09  56  54  57  05  
10/16/2013  03  42  26  34  28  28  
10/12/2013  10  58  26  57  08  04  
10/09/2013  09  38  03  33  19  18  
10/05/2013  11  39  40  17  12  05  
10/02/2013  06  51  42  04  25  17  
09/28/2013  47  53  14  52  54  05  
09/25/2013  49  07  17  53  02  23  
09/21/2013  58  54  45  17  12  13  
09/18/2013  07  10  35  32  22  19  
09/14/2013  01  25  44  17  37  20  
09/11/2013  19  33  42  52  11  33  
09/07/2013  02  22  19  45  26  24  
09/04/2013  02  45  26  09  47  11  
08/31/2013  40  25  07  56  02  20  
08/28/2013  32  19  07  09  06  13  
08/24/2013  45  17  59  12  25  19  
08/21/2013  30  48  42  46  40  23  
08/17/2013  18  54  56  21  46  23  
08/14/2013  17  43  11  04  51  20  
08/10/2013  37  58  14  04  12  13  
08/07/2013  58  05  25  59  30  32  
08/03/2013  24  36  21  45  42  15  
07/31/2013  08  24  59  39  49  05  
07/27/2013  58  53  40  23  09  06  
07/24/2013  44  29  54  40  09  07  
07/20/2013  14  27  58  25  38  06  
07/17/2013  22  01  42  38  34  17  
07/13/2013  08  37  02  35  22  06  
07/10/2013  55  45  31  30  59  27  
07/06/2013  52  02  36  35  13  11  
07/03/2013  40  06  51  29  03  04  
06/29/2013  28  08  56  53  30  16  
06/26/2013  01  46  39  33  18  33  
06/22/2013  33  57  19  23  13  28  
06/19/2013  57  47  46  52  07  17  
06/15/2013  48  55  28  40  36  01  
06/12/2013  22  16  42  23  55  32  
06/08/2013  02  26  11  32  22  19  
06/05/2013  04  36  26  33  55  32  
06/01/2013  33  53  59  22  28  14  
05/29/2013  49  14  09  17  57  02  
05/25/2013  27  21  19  06  02  25  
05/22/2013  31  35  41  09  57  26  
05/18/2013  22  10  13  14  52  11  
05/15/2013  02  34  11  41  26  32  
05/11/2013  06  23  19  43  13  16  
05/08/2013  21  57  26  22  30  27  
05/04/2013  26  36  40  07  12  17  
05/01/2013  31  22  55  26  54  18  
04/27/2013  55  54  48  23  03  05  
04/24/2013  09  59  31  56  19  02  
04/20/2013  06  39  08  30  48  20  
04/17/2013  58  18  48  13  36  28  
04/13/2013  10  57  31  12  56  33  
04/10/2013  40  01  52  36  53  20  
04/06/2013  39  29  04  08  07  24  
04/03/2013  35  08  12  01  06  03  
03/30/2013  23  46  11  26  55  27  
03/27/2013  43  48  07  37  52  16  
03/23/2013  29  53  52  17  31  31  
03/20/2013  43  17  14  13  54  15  
03/16/2013  44  53  07  21  03  16  
03/13/2013  38  09  32  28  05  29  
03/09/2013  46  52  37  10  40  12  
03/06/2013  45  10  06  23  41  01  
03/02/2013  56  13  08  41  03  16  
02/27/2013  48  20  14  34  03  21  
02/23/2013  41  31  39  02  05  29  
02/20/2013  25  03  32  17  19  17  
02/16/2013  58  16  15  46  50  29  
02/13/2013  12  43  27  25  23  29  
02/09/2013  58  36  16  06  05  03  
02/06/2013  36  38  05  27  41  12  
02/02/2013  41  33  16  40  11  34  
01/30/2013  47  16  14  32  52  16  
01/26/2013  22  49  41  26  03  18  
01/23/2013  24  43  11  12  45  09  
01/19/2013  29  08  28  34  38  35  
01/16/2013  51  21  32  28  09  35  
01/12/2013  47  21  23  14  10  07  
01/09/2013  11  20  13  27  59  26  
01/05/2013  30  49  54  26  51  25  
01/02/2013  20  18  53  28  35  20  
12/29/2012  55  52  46  50  36  14  
12/26/2012  54  43  13  11  23  04  
12/22/2012  18  44  35  39  01  11  
12/19/2012  23  20  05  30  08  03  
12/15/2012  40  23  44  55  15  14  
12/12/2012  36  25  44  08  10  28  
12/08/2012  23  40  53  26  07  21  
12/05/2012  27  19  38  13  17  12  
12/01/2012  46  10  03  19  36  03  
11/28/2012  05  23  16  22  29  06  
11/24/2012  22  32  37  44  50  34  
11/21/2012  24  30  08  18  39  26  
11/17/2012  15  59  27  58  03  20  
11/14/2012  44  10  58  08  30  13  
11/10/2012  55  32  50  54  42  32  
11/07/2012  32  45  34  52  58  20  
11/03/2012  54  04  07  09  30  25  
10/31/2012  45  31  01  48  27  05  
10/27/2012  34  56  36  32  22  33  
10/24/2012  18  50  23  03  21  04  
10/20/2012  04  28  31  44  21  10  
10/17/2012  42  23  10  07  01  35  
10/13/2012  05  02  26  25  49  18  
10/10/2012  35  18  43  29  26  28  
10/06/2012  36  59  26  15  34  35  
10/03/2012  55  23  17  59  36  10  
09/29/2012  57  14  29  18  28  08  
09/26/2012  41  26  42  13  39  10  
09/22/2012  40  42  18  16  02  33  
09/19/2012  50  01  08  39  05  23  
09/15/2012  43  26  03  20  48  01  
09/12/2012  48  56  24  36  33  06  
09/08/2012  34  44  20  48  06  29  
09/05/2012  42  04  26  51  19  29  
09/01/2012  08  44  21  11  49  22  
08/29/2012  49  54  28  25  56  28  
08/25/2012  07  20  06  01  49  23  
08/22/2012  47  31  22  29  55  19  
08/18/2012  55  41  26  14  59  01  
08/15/2012  56  27  46  06  51  21  
08/11/2012  51  13  46  39  04  01  
08/08/2012  07  15  03  11  28  12  
08/04/2012  55  30  53  48  19  18  
08/01/2012  58  03  56  48  16  04  
07/28/2012  06  50  05  36  13  13  
07/25/2012  14  03  46  38  35  16  
07/21/2012  09  54  38  56  31  20  
07/18/2012  05  02  57  23  20  03  
07/14/2012  04  46  16  37  32  13  
07/11/2012  05  36  49  55  22  23  
07/07/2012  05  03  29  59  39  29  
07/04/2012  35  19  14  39  56  33  
06/30/2012  20  07  15  41  44  22  
06/27/2012  58  34  06  46  40  06  
06/23/2012  44  01  53  03  41  30  
06/20/2012  17  11  29  56  57  14  
06/16/2012  14  16  27  15  08  26  
06/13/2012  14  57  33  10  07  18  
06/09/2012  56  45  57  22  18  27  
06/06/2012  59  48  19  33  30  27  
06/02/2012  17  45  10  29  09  33  
05/30/2012  10  56  09  24  52  14  
05/26/2012  49  59  13  41  14  14  
05/23/2012  59  07  53  26  04  32  
05/19/2012  46  13  08  51  35  30  
05/16/2012  21  43  28  03  07  02  
05/12/2012  35  24  58  53  10  22  
05/09/2012  56  07  01  11  55  01  
05/05/2012  12  59  44  20  09  23  
05/02/2012  07  33  50  38  08  29  
04/28/2012  57  40  58  31  39  33  
04/25/2012  29  43  25  04  34  29  
04/21/2012  08  42  51  20  06  16  
04/18/2012  22  39  49  46  20  29  
04/14/2012  15  16  19  14  24  02  
04/11/2012  44  42  16  47  23  02  
04/07/2012  13  30  05  20  17  18  
04/04/2012  33  24  49  45  01  06  
03/31/2012  14  05  58  54  36  27  
03/28/2012  50  58  16  29  11  33  
03/24/2012  15  37  35  01  47  08  
03/21/2012  32  43  53  55  56  06  
03/17/2012  11  55  58  14  49  30  
03/14/2012  01  08  59  46  41  24  
03/10/2012  05  41  20  14  17  05  
03/07/2012  45  35  47  46  12  12  
03/03/2012  47  30  29  49  45  35  
02/29/2012  26  01  11  04  23  14  
02/25/2012  54  11  06  42  53  07  
02/22/2012  17  39  16  07  51  32  
02/18/2012  23  50  28  59  56  05  
02/15/2012  12  11  32  56  52  11  
02/11/2012  37  52  10  01  57  11  
02/08/2012  38  51  17  28  39  33  
02/04/2012  23  56  43  45  15  07  
02/01/2012  08  13  59  17  34  35  
01/28/2012  41  54  59  33  05  13  
01/25/2012  28  19  29  47  04  05  
01/21/2012  44  12  43  24  45  07  
01/18/2012  50  34  29  06  44  28  